0.2779867382978466
0.5933880063028455
0.7648655692835259
0.5356090506195095
0.11128073902147895
0.9605020106333844
0.7150072173860923
0.23845542421099386
0.10863447957334127
0.33751209735288645
0.07321302726761814
0.5492813183840517
0.22369175917142425
0.7553034307409012
0.8685283127445762
0.08378249407505522
0.6689275389079217
0.7936212627584711
0.027692169391208443
0.2940010017677944
0.1738526371286211
0.6338542715078549
0.4803980350903799
0.9251139842248274
0.7650049569914443
0.6733463102660925
0.737222764252956
0.1341690486033975
0.6328215730820346
0.6767304666503451
0.6327599434857704
0.8776077275077562
0.319430547788469
0.17903815843060866
0.04856277083668725
0.49180227141209243
0.2865976954675252
8.428268984175258E-4
0.20882294292836878
0.6144632294937336
0.9045075654521116
0.2874564005223058
0.5762814256593475
0.7246584707387498
0.03975441222275744
0.44220390202358495
0.46668819667240335
0.6153166393787443
0.7148634369505602
0.6880598643845038
0.24719756949551763
0.054471539945209924
0.7618582781608905
0.7624375790971623
0.38740672899830875
0.7401361189924531
0.9988358123271048
0.42668051562312204
0.6913146155422846
0.40857765390545564
0.22120493026977495
0.05481255760722337
0.7542995244884602
0.6168991463496328
0.21819097962357004
0.5553619211244606
0.06128329639264207
0.2882137073761425
0.10040300571873606
0.27558111400817453
0.1705708309061864
0.5813326084572067
0.45570623166412905
0.3391434936227441
0.1124235544283042
0.026769545070321366
0.23833757202792305
0.07640418457204223
0.4722463152736551
0.15699725706970769
0.8401471348718368
0.8205717864677489
0.6253367204506903
0.05127488843754713
0.4930441555456585
0.36364412696140624
0.2434671453242262
0.3139975981717683
0.008171071248025963
0.7927200816658002
0.5031392334022556
0.010402583134593413
0.8700246369184488
0.26030647996571976
0.3911712808464156
0.9945986026159257
0.8726884283699984
0.48149757759736567
0.12534936637188998
0.8822689455300997
